{
  "nbformat": 4,
  "nbformat_minor": 0,
  "metadata": {
    "colab": {
      "provenance": [],
      "authorship_tag": "ABX9TyOqa+ddN6qQwRTRpGvz7tTl",
      "include_colab_link": true
    },
    "kernelspec": {
      "name": "python3",
      "display_name": "Python 3"
    },
    "language_info": {
      "name": "python"
    }
  },
  "cells": [
    {
      "cell_type": "markdown",
      "metadata": {
        "id": "view-in-github",
        "colab_type": "text"
      },
      "source": [
        "<a href=\"https://colab.research.google.com/github/jaeohshin/ML_with_Pytorch_Sklearn_rasbt/blob/main/ch16_self_attention.ipynb\" target=\"_parent\"><img src=\"https://colab.research.google.com/assets/colab-badge.svg\" alt=\"Open In Colab\"/></a>"
      ]
    },
    {
      "cell_type": "code",
      "execution_count": 1,
      "metadata": {
        "colab": {
          "base_uri": "https://localhost:8080/"
        },
        "id": "TWxLnJ97NyvY",
        "outputId": "08a432f9-481c-4a0c-8cd4-ba8586c0a1bd"
      },
      "outputs": [
        {
          "output_type": "execute_result",
          "data": {
            "text/plain": [
              "tensor([0, 7, 1, 2, 5, 6, 4, 3])"
            ]
          },
          "metadata": {},
          "execution_count": 1
        }
      ],
      "source": [
        "import torch\n",
        "\n",
        "sentence = torch.tensor(\n",
        "    [0,\n",
        "     7,\n",
        "     1,\n",
        "     2,\n",
        "     5,\n",
        "     6,\n",
        "     4,\n",
        "     3]\n",
        ")\n",
        "sentence"
      ]
    },
    {
      "cell_type": "code",
      "source": [
        "torch.manual_seed(123)\n",
        "embed = torch.nn.Embedding(10, 16)\n",
        "embedded_sentence = embed(sentence).detach()\n",
        "embedded_sentence.shape"
      ],
      "metadata": {
        "colab": {
          "base_uri": "https://localhost:8080/"
        },
        "id": "rHfBrU6gOLZy",
        "outputId": "ab5cf28a-cdee-4341-925f-5cab105c1e4f"
      },
      "execution_count": 2,
      "outputs": [
        {
          "output_type": "execute_result",
          "data": {
            "text/plain": [
              "torch.Size([8, 16])"
            ]
          },
          "metadata": {},
          "execution_count": 2
        }
      ]
    },
    {
      "cell_type": "code",
      "source": [
        "import time\n",
        "\n",
        "omega = torch.empty(8, 8)\n",
        "\n",
        "\n",
        "for i, x_i in enumerate(embedded_sentence):\n",
        "    for j, x_j in enumerate(embedded_sentence):\n",
        "        omega[i, j] = torch.dot(x_i, x_j)"
      ],
      "metadata": {
        "id": "13zdjEbNOZR4"
      },
      "execution_count": 3,
      "outputs": []
    },
    {
      "cell_type": "code",
      "source": [
        "print(omega)"
      ],
      "metadata": {
        "colab": {
          "base_uri": "https://localhost:8080/"
        },
        "id": "EA5N_Dj0PQwv",
        "outputId": "ffd4ae85-e15f-41ad-91de-1894f8f6d00a"
      },
      "execution_count": 4,
      "outputs": [
        {
          "output_type": "stream",
          "name": "stdout",
          "text": [
            "tensor([[ 9.7601,  1.7326,  4.7543, -1.3587,  0.4752, -1.6717,  1.0227, -0.1286],\n",
            "        [ 1.7326, 16.0787,  9.0642, -0.3370,  1.1368,  1.1972,  1.6485, -1.2789],\n",
            "        [ 4.7543,  9.0642, 22.6615, -0.8519,  7.7799,  2.7483, -0.6832,  1.6236],\n",
            "        [-1.3587, -0.3370, -0.8519, 13.9473, -1.4198, 10.9659, -0.5887,  2.3869],\n",
            "        [ 0.4752,  1.1368,  7.7799, -1.4198, 13.7511, -6.8568, -2.5114, -3.3468],\n",
            "        [-1.6717,  1.1972,  2.7483, 10.9659, -6.8568, 24.6738, -3.8294,  4.9581],\n",
            "        [ 1.0227,  1.6485, -0.6832, -0.5887, -2.5114, -3.8294, 15.8691,  2.0269],\n",
            "        [-0.1286, -1.2789,  1.6236,  2.3869, -3.3468,  4.9581,  2.0269, 18.7382]])\n"
          ]
        }
      ]
    },
    {
      "cell_type": "code",
      "source": [
        "omega_mat = embedded_sentence.matmul(embedded_sentence.T)"
      ],
      "metadata": {
        "id": "uSX5LCnBPSgP"
      },
      "execution_count": 5,
      "outputs": []
    },
    {
      "cell_type": "code",
      "source": [
        "print(omega_mat)"
      ],
      "metadata": {
        "colab": {
          "base_uri": "https://localhost:8080/"
        },
        "id": "_fa4V8dkPlo-",
        "outputId": "1a06f6c4-5e40-497d-bee2-32bce07899fd"
      },
      "execution_count": 6,
      "outputs": [
        {
          "output_type": "stream",
          "name": "stdout",
          "text": [
            "tensor([[ 9.7601,  1.7326,  4.7543, -1.3587,  0.4752, -1.6717,  1.0227, -0.1286],\n",
            "        [ 1.7326, 16.0787,  9.0642, -0.3370,  1.1368,  1.1972,  1.6485, -1.2789],\n",
            "        [ 4.7543,  9.0642, 22.6615, -0.8519,  7.7799,  2.7483, -0.6832,  1.6236],\n",
            "        [-1.3587, -0.3370, -0.8519, 13.9473, -1.4198, 10.9659, -0.5887,  2.3869],\n",
            "        [ 0.4752,  1.1368,  7.7799, -1.4198, 13.7511, -6.8568, -2.5114, -3.3468],\n",
            "        [-1.6717,  1.1972,  2.7483, 10.9659, -6.8568, 24.6738, -3.8294,  4.9581],\n",
            "        [ 1.0227,  1.6485, -0.6832, -0.5887, -2.5114, -3.8294, 15.8691,  2.0269],\n",
            "        [-0.1286, -1.2789,  1.6236,  2.3869, -3.3468,  4.9581,  2.0269, 18.7382]])\n"
          ]
        }
      ]
    },
    {
      "cell_type": "code",
      "source": [
        "torch.allclose(omega_mat, omega)"
      ],
      "metadata": {
        "colab": {
          "base_uri": "https://localhost:8080/"
        },
        "id": "BlnyPf_uPn7B",
        "outputId": "e0fa0633-0b41-48f0-dc6c-cbefbebda99b"
      },
      "execution_count": 7,
      "outputs": [
        {
          "output_type": "execute_result",
          "data": {
            "text/plain": [
              "True"
            ]
          },
          "metadata": {},
          "execution_count": 7
        }
      ]
    },
    {
      "cell_type": "code",
      "source": [
        "import torch.nn.functional as F\n",
        "\n",
        "attention_weights = F.softmax(omega, dim=1)\n",
        "attention_weights.shape\n",
        "\n",
        "max_indices = torch.argmax(attention_weights, dim=1)\n"
      ],
      "metadata": {
        "id": "A25vUoh_QdSD"
      },
      "execution_count": 8,
      "outputs": []
    },
    {
      "cell_type": "code",
      "source": [
        "print(attention_weights.shape)\n",
        "max_indices"
      ],
      "metadata": {
        "colab": {
          "base_uri": "https://localhost:8080/"
        },
        "id": "T8YsvNG7Q81g",
        "outputId": "f6003c44-ada1-442e-e9c2-dd4dcebfeb9c"
      },
      "execution_count": 9,
      "outputs": [
        {
          "output_type": "stream",
          "name": "stdout",
          "text": [
            "torch.Size([8, 8])\n"
          ]
        },
        {
          "output_type": "execute_result",
          "data": {
            "text/plain": [
              "tensor([0, 1, 2, 3, 4, 5, 6, 7])"
            ]
          },
          "metadata": {},
          "execution_count": 9
        }
      ]
    },
    {
      "cell_type": "code",
      "source": [
        "attention_weights.sum(dim=1)"
      ],
      "metadata": {
        "colab": {
          "base_uri": "https://localhost:8080/"
        },
        "id": "NoOWPDbsRctL",
        "outputId": "c3d96ff4-f1e3-4803-f18d-633ab1a3130d"
      },
      "execution_count": 10,
      "outputs": [
        {
          "output_type": "execute_result",
          "data": {
            "text/plain": [
              "tensor([1.0000, 1.0000, 1.0000, 1.0000, 1.0000, 1.0000, 1.0000, 1.0000])"
            ]
          },
          "metadata": {},
          "execution_count": 10
        }
      ]
    },
    {
      "cell_type": "code",
      "source": [
        "x_2 = embedded_sentence[1, :]\n",
        "context_vec_2 = torch.zeros(x_2.shape)\n",
        "for j in range(8):\n",
        "    x_j = embedded_sentence[j, :]\n",
        "    context_vec_2 += attention_weights[1, j] * x_j\n",
        "context_vec_2\n"
      ],
      "metadata": {
        "colab": {
          "base_uri": "https://localhost:8080/"
        },
        "id": "D9i7hsJ6Rki-",
        "outputId": "65031dda-8a37-4f09-d216-d7958e7c374f"
      },
      "execution_count": 11,
      "outputs": [
        {
          "output_type": "execute_result",
          "data": {
            "text/plain": [
              "tensor([-9.3975e-01, -4.6856e-01,  1.0311e+00, -2.8192e-01,  4.9373e-01,\n",
              "        -1.2896e-02, -2.7327e-01, -7.6358e-01,  1.3958e+00, -9.9543e-01,\n",
              "        -7.1287e-04,  1.2449e+00, -7.8077e-02,  1.2765e+00, -1.4589e+00,\n",
              "        -2.1601e+00])"
            ]
          },
          "metadata": {},
          "execution_count": 11
        }
      ]
    },
    {
      "cell_type": "code",
      "source": [
        "context_vectors = torch.matmul(attention_weights, embedded_sentence)"
      ],
      "metadata": {
        "id": "mpQCfH4zSyjm"
      },
      "execution_count": 12,
      "outputs": []
    },
    {
      "cell_type": "code",
      "source": [
        "torch.allclose(context_vec_2, context_vectors[1])"
      ],
      "metadata": {
        "colab": {
          "base_uri": "https://localhost:8080/"
        },
        "id": "Kjkc2LXYOwsM",
        "outputId": "57918e7f-7b93-42f3-e1b5-a3c1499b477a"
      },
      "execution_count": 13,
      "outputs": [
        {
          "output_type": "execute_result",
          "data": {
            "text/plain": [
              "True"
            ]
          },
          "metadata": {},
          "execution_count": 13
        }
      ]
    },
    {
      "cell_type": "code",
      "source": [
        "torch.manual_seed(123)\n",
        "\n",
        "d = embedded_sentence.shape[1] # d = 16\n",
        "U_query = torch.rand(d, d)\n",
        "U_key = torch.rand(d, d)\n",
        "U_value = torch.rand(d, d)"
      ],
      "metadata": {
        "id": "3mLBAE3qO8CF"
      },
      "execution_count": 15,
      "outputs": []
    },
    {
      "cell_type": "code",
      "source": [
        "x_2 = embedded_sentence[1]\n",
        "query_2 = U_query.matmul(x_2)"
      ],
      "metadata": {
        "id": "vifGpjMWXzNI"
      },
      "execution_count": 16,
      "outputs": []
    },
    {
      "cell_type": "code",
      "source": [
        "key_2 = U_key.matmul(x_2)\n",
        "value_2 = U_value.matmul(x_2)"
      ],
      "metadata": {
        "id": "4ltmKR9bYKa9"
      },
      "execution_count": 17,
      "outputs": []
    },
    {
      "cell_type": "code",
      "source": [
        "keys = U_key.matmul(embedded_sentence.T).T\n",
        "torch.allclose(key_2, keys[1])"
      ],
      "metadata": {
        "id": "mBkviOq4YQzi",
        "outputId": "7815cc9d-a934-4372-f168-5b0ebbfe409e",
        "colab": {
          "base_uri": "https://localhost:8080/"
        }
      },
      "execution_count": 18,
      "outputs": [
        {
          "output_type": "execute_result",
          "data": {
            "text/plain": [
              "True"
            ]
          },
          "metadata": {},
          "execution_count": 18
        }
      ]
    },
    {
      "cell_type": "code",
      "source": [],
      "metadata": {
        "id": "c10h0BhoYaF9"
      },
      "execution_count": null,
      "outputs": []
    }
  ]
}