{
  "nbformat": 4,
  "nbformat_minor": 0,
  "metadata": {
    "colab": {
      "provenance": [],
      "authorship_tag": "ABX9TyO5eFP3/qwgYdZPPx+hNtc5",
      "include_colab_link": true
    },
    "kernelspec": {
      "name": "python3",
      "display_name": "Python 3"
    },
    "language_info": {
      "name": "python"
    }
  },
  "cells": [
    {
      "cell_type": "markdown",
      "metadata": {
        "id": "view-in-github",
        "colab_type": "text"
      },
      "source": [
        "<a href=\"https://colab.research.google.com/github/jaeohshin/ML_with_Pytorch_Sklearn_rasbt/blob/main/ch16_self_attention.ipynb\" target=\"_parent\"><img src=\"https://colab.research.google.com/assets/colab-badge.svg\" alt=\"Open In Colab\"/></a>"
      ]
    },
    {
      "cell_type": "code",
      "execution_count": 22,
      "metadata": {
        "colab": {
          "base_uri": "https://localhost:8080/"
        },
        "id": "TWxLnJ97NyvY",
        "outputId": "5f64e96a-7933-4103-f53a-5b2721c8d9b8"
      },
      "outputs": [
        {
          "output_type": "execute_result",
          "data": {
            "text/plain": [
              "tensor([0, 7, 1, 2, 5, 6, 4, 3])"
            ]
          },
          "metadata": {},
          "execution_count": 22
        }
      ],
      "source": [
        "import torch\n",
        "\n",
        "sentence = torch.tensor(\n",
        "    [0,\n",
        "     7,\n",
        "     1,\n",
        "     2,\n",
        "     5,\n",
        "     6,\n",
        "     4,\n",
        "     3]\n",
        ")\n",
        "sentence"
      ]
    },
    {
      "cell_type": "code",
      "source": [
        "torch.manual_seed(123)\n",
        "embed = torch.nn.Embedding(10, 16)\n",
        "embedded_sentence = embed(sentence).detach()\n",
        "embedded_sentence.shape"
      ],
      "metadata": {
        "colab": {
          "base_uri": "https://localhost:8080/"
        },
        "id": "rHfBrU6gOLZy",
        "outputId": "ac203f91-1a16-4bda-e77b-680e54bd6cbb"
      },
      "execution_count": 23,
      "outputs": [
        {
          "output_type": "execute_result",
          "data": {
            "text/plain": [
              "torch.Size([8, 16])"
            ]
          },
          "metadata": {},
          "execution_count": 23
        }
      ]
    },
    {
      "cell_type": "code",
      "source": [
        "import time\n",
        "\n",
        "omega = torch.empty(8, 8)\n",
        "\n",
        "\n",
        "for i, x_i in enumerate(embedded_sentence):\n",
        "    for j, x_j in enumerate(embedded_sentence):\n",
        "        omega[i, j] = torch.dot(x_i, x_j)"
      ],
      "metadata": {
        "id": "13zdjEbNOZR4"
      },
      "execution_count": 24,
      "outputs": []
    },
    {
      "cell_type": "code",
      "source": [
        "print(omega)"
      ],
      "metadata": {
        "colab": {
          "base_uri": "https://localhost:8080/"
        },
        "id": "EA5N_Dj0PQwv",
        "outputId": "0751f799-b08d-4657-cd2f-9e4a22e17d4a"
      },
      "execution_count": 25,
      "outputs": [
        {
          "output_type": "stream",
          "name": "stdout",
          "text": [
            "tensor([[ 9.7601,  1.7326,  4.7543, -1.3587,  0.4752, -1.6717,  1.0227, -0.1286],\n",
            "        [ 1.7326, 16.0787,  9.0642, -0.3370,  1.1368,  1.1972,  1.6485, -1.2789],\n",
            "        [ 4.7543,  9.0642, 22.6615, -0.8519,  7.7799,  2.7483, -0.6832,  1.6236],\n",
            "        [-1.3587, -0.3370, -0.8519, 13.9473, -1.4198, 10.9659, -0.5887,  2.3869],\n",
            "        [ 0.4752,  1.1368,  7.7799, -1.4198, 13.7511, -6.8568, -2.5114, -3.3468],\n",
            "        [-1.6717,  1.1972,  2.7483, 10.9659, -6.8568, 24.6738, -3.8294,  4.9581],\n",
            "        [ 1.0227,  1.6485, -0.6832, -0.5887, -2.5114, -3.8294, 15.8691,  2.0269],\n",
            "        [-0.1286, -1.2789,  1.6236,  2.3869, -3.3468,  4.9581,  2.0269, 18.7382]])\n"
          ]
        }
      ]
    },
    {
      "cell_type": "code",
      "source": [
        "omega_mat = embedded_sentence.matmul(embedded_sentence.T)"
      ],
      "metadata": {
        "id": "uSX5LCnBPSgP"
      },
      "execution_count": 26,
      "outputs": []
    },
    {
      "cell_type": "code",
      "source": [
        "print(omega_mat)"
      ],
      "metadata": {
        "colab": {
          "base_uri": "https://localhost:8080/"
        },
        "id": "_fa4V8dkPlo-",
        "outputId": "9e44e6da-5b02-48f4-ad67-cb3b3ff78f76"
      },
      "execution_count": 27,
      "outputs": [
        {
          "output_type": "stream",
          "name": "stdout",
          "text": [
            "tensor([[ 9.7601,  1.7326,  4.7543, -1.3587,  0.4752, -1.6717,  1.0227, -0.1286],\n",
            "        [ 1.7326, 16.0787,  9.0642, -0.3370,  1.1368,  1.1972,  1.6485, -1.2789],\n",
            "        [ 4.7543,  9.0642, 22.6615, -0.8519,  7.7799,  2.7483, -0.6832,  1.6236],\n",
            "        [-1.3587, -0.3370, -0.8519, 13.9473, -1.4198, 10.9659, -0.5887,  2.3869],\n",
            "        [ 0.4752,  1.1368,  7.7799, -1.4198, 13.7511, -6.8568, -2.5114, -3.3468],\n",
            "        [-1.6717,  1.1972,  2.7483, 10.9659, -6.8568, 24.6738, -3.8294,  4.9581],\n",
            "        [ 1.0227,  1.6485, -0.6832, -0.5887, -2.5114, -3.8294, 15.8691,  2.0269],\n",
            "        [-0.1286, -1.2789,  1.6236,  2.3869, -3.3468,  4.9581,  2.0269, 18.7382]])\n"
          ]
        }
      ]
    },
    {
      "cell_type": "code",
      "source": [
        "torch.allclose(omega_mat, omega)"
      ],
      "metadata": {
        "colab": {
          "base_uri": "https://localhost:8080/"
        },
        "id": "BlnyPf_uPn7B",
        "outputId": "3aa0b035-a369-4658-b8ed-0a4a0410b0a3"
      },
      "execution_count": 28,
      "outputs": [
        {
          "output_type": "execute_result",
          "data": {
            "text/plain": [
              "True"
            ]
          },
          "metadata": {},
          "execution_count": 28
        }
      ]
    },
    {
      "cell_type": "code",
      "source": [
        "import torch.nn.functional as F\n",
        "\n",
        "attention_weights = F.softmax(omega, dim=1)\n",
        "attention_weights.shape\n",
        "\n",
        "max_indices = torch.argmax(attention_weights, dim=1)\n"
      ],
      "metadata": {
        "id": "A25vUoh_QdSD"
      },
      "execution_count": 32,
      "outputs": []
    },
    {
      "cell_type": "code",
      "source": [
        "print(attention_weights.shape)\n",
        "max_indices"
      ],
      "metadata": {
        "colab": {
          "base_uri": "https://localhost:8080/"
        },
        "id": "T8YsvNG7Q81g",
        "outputId": "9cdce7fd-e241-4439-857b-a7fc85e416f1"
      },
      "execution_count": 35,
      "outputs": [
        {
          "output_type": "stream",
          "name": "stdout",
          "text": [
            "torch.Size([8, 8])\n"
          ]
        },
        {
          "output_type": "execute_result",
          "data": {
            "text/plain": [
              "tensor([0, 1, 2, 3, 4, 5, 6, 7])"
            ]
          },
          "metadata": {},
          "execution_count": 35
        }
      ]
    },
    {
      "cell_type": "code",
      "source": [
        "attention_weights.sum(dim=1)"
      ],
      "metadata": {
        "colab": {
          "base_uri": "https://localhost:8080/"
        },
        "id": "NoOWPDbsRctL",
        "outputId": "7b322a70-aaf4-4377-fc4f-284eebb8b196"
      },
      "execution_count": 39,
      "outputs": [
        {
          "output_type": "execute_result",
          "data": {
            "text/plain": [
              "tensor([1.0000, 1.0000, 1.0000, 1.0000, 1.0000, 1.0000, 1.0000, 1.0000])"
            ]
          },
          "metadata": {},
          "execution_count": 39
        }
      ]
    },
    {
      "cell_type": "code",
      "source": [
        "pwd"
      ],
      "metadata": {
        "colab": {
          "base_uri": "https://localhost:8080/",
          "height": 35
        },
        "id": "D9i7hsJ6Rki-",
        "outputId": "893a340e-3bfe-437d-9b2d-554d6a8328dd"
      },
      "execution_count": 40,
      "outputs": [
        {
          "output_type": "execute_result",
          "data": {
            "text/plain": [
              "'/content'"
            ],
            "application/vnd.google.colaboratory.intrinsic+json": {
              "type": "string"
            }
          },
          "metadata": {},
          "execution_count": 40
        }
      ]
    },
    {
      "cell_type": "code",
      "source": [],
      "metadata": {
        "id": "mpQCfH4zSyjm"
      },
      "execution_count": null,
      "outputs": []
    }
  ]
}